{
  "nbformat": 4,
  "nbformat_minor": 0,
  "metadata": {
    "colab": {
      "provenance": [],
      "mount_file_id": "1t27ypOpE2t_guHLvNNF0G6_u9pX4W2Vb",
      "authorship_tag": "ABX9TyNxxa6W4sxhIvIVIA0D5rdS",
      "include_colab_link": true
    },
    "kernelspec": {
      "name": "python3",
      "display_name": "Python 3"
    },
    "language_info": {
      "name": "python"
    }
  },
  "cells": [
    {
      "cell_type": "markdown",
      "metadata": {
        "id": "view-in-github",
        "colab_type": "text"
      },
      "source": [
        "<a href=\"https://colab.research.google.com/github/BarbaraBitencourt/Algebra/blob/main/An%C3%A1lise_de_Componentes_Principais_De_Cancer_de_Mama_.ipynb\" target=\"_parent\"><img src=\"https://colab.research.google.com/assets/colab-badge.svg\" alt=\"Open In Colab\"/></a>"
      ]
    },
    {
      "cell_type": "code",
      "source": [
        "import pandas as pd\n",
        "import numpy as np\n",
        "from sklearn.decomposition import PCA\n",
        "from sklearn.impute import SimpleImputer\n",
        "import matplotlib.pyplot as plt\n",
        "\n",
        "# Carregar o conjunto de dados\n",
        "data = pd.read_csv('/content/drive/MyDrive/data.csv')\n",
        "\n",
        "# Visualizar as primeiras linhas do conjunto de dados\n",
        "print(data.head())\n",
        "\n",
        "# Separar as features dos rótulos\n",
        "X = data.iloc[:, 2:].values\n",
        "y = data.iloc[:, 1].values\n",
        "\n",
        "# Tratar valores ausentes\n",
        "imputer = SimpleImputer(strategy='mean')\n",
        "X = imputer.fit_transform(X)\n",
        "\n",
        "# Normalizar os dados\n",
        "X = (X - np.mean(X)) / np.std(X)\n",
        "\n",
        "# Calcular e imprimir a matriz de covariância\n",
        "cov_matrix = np.cov(X.T)\n",
        "print(\"Matriz de Covariância:\")\n",
        "print(cov_matrix)\n",
        "\n",
        "# Calcular e imprimir os autovalores e autovetores\n",
        "eigenvalues, eigenvectors = np.linalg.eig(cov_matrix)\n",
        "print(\"\\nAutovalores:\")\n",
        "print(eigenvalues)\n",
        "print(\"\\nAutovetores:\")\n",
        "print(eigenvectors)\n",
        "\n",
        "# Ordenar os autovalores e autovetores em ordem decrescente\n",
        "eigen_pairs = [(np.abs(eigenvalues[i]), eigenvectors[:, i]) for i in range(len(eigenvalues))]\n",
        "eigen_pairs.sort(key=lambda x: x[0], reverse=True)\n",
        "\n",
        "# Selecionar os dois maiores autovalores e autovetores\n",
        "top_eigenvalues = eigen_pairs[0][0], eigen_pairs[1][0]\n",
        "top_eigenvectors = eigen_pairs[0][1], eigen_pairs[1][1]\n",
        "\n",
        "print(\"\\nDois maiores autovalores:\")\n",
        "print(top_eigenvalues)\n",
        "print(\"\\nDois maiores autovetores:\")\n",
        "print(top_eigenvectors)\n",
        "\n",
        "# Aplicar PCA com 3 componentes principais\n",
        "pca = PCA(n_components=3)\n",
        "X_pca = pca.fit_transform(X)\n",
        "\n",
        "# Converter rótulos para valores numéricos\n",
        "label_map = {'M': 0, 'B': 1}\n",
        "y_numeric = np.array([label_map[label] for label in y])\n",
        "\n",
        "# Visualizar os resultados\n",
        "plt.scatter(X_pca[:, 0], X_pca[:, 1], c=y_numeric, cmap='viridis')\n",
        "plt.xlabel('Componente Principal 1')\n",
        "plt.ylabel('Componente Principal 2')\n",
        "plt.title('Análise de PCA - Câncer de Mama')\n",
        "plt.show()"
      ],
      "metadata": {
        "colab": {
          "base_uri": "https://localhost:8080/",
          "height": 1000
        },
        "id": "42z0uAcnw3IF",
        "outputId": "25c5d18b-a020-4ef0-9bc1-9e71a9a69347"
      },
      "execution_count": 15,
      "outputs": [
        {
          "output_type": "stream",
          "name": "stdout",
          "text": [
            "         id diagnosis  radius_mean  texture_mean  perimeter_mean  area_mean  \\\n",
            "0    842302         M        17.99         10.38          122.80     1001.0   \n",
            "1    842517         M        20.57         17.77          132.90     1326.0   \n",
            "2  84300903         M        19.69         21.25          130.00     1203.0   \n",
            "3  84348301         M        11.42         20.38           77.58      386.1   \n",
            "4  84358402         M        20.29         14.34          135.10     1297.0   \n",
            "\n",
            "   smoothness_mean  compactness_mean  concavity_mean  concave points_mean  \\\n",
            "0          0.11840           0.27760          0.3001              0.14710   \n",
            "1          0.08474           0.07864          0.0869              0.07017   \n",
            "2          0.10960           0.15990          0.1974              0.12790   \n",
            "3          0.14250           0.28390          0.2414              0.10520   \n",
            "4          0.10030           0.13280          0.1980              0.10430   \n",
            "\n",
            "   ...  texture_worst  perimeter_worst  area_worst  smoothness_worst  \\\n",
            "0  ...          17.33           184.60      2019.0            0.1622   \n",
            "1  ...          23.41           158.80      1956.0            0.1238   \n",
            "2  ...          25.53           152.50      1709.0            0.1444   \n",
            "3  ...          26.50            98.87       567.7            0.2098   \n",
            "4  ...          16.67           152.20      1575.0            0.1374   \n",
            "\n",
            "   compactness_worst  concavity_worst  concave points_worst  symmetry_worst  \\\n",
            "0             0.6656           0.7119                0.2654          0.4601   \n",
            "1             0.1866           0.2416                0.1860          0.2750   \n",
            "2             0.4245           0.4504                0.2430          0.3613   \n",
            "3             0.8663           0.6869                0.2575          0.6638   \n",
            "4             0.2050           0.4000                0.1625          0.2364   \n",
            "\n",
            "   fractal_dimension_worst  Unnamed: 32  \n",
            "0                  0.11890          NaN  \n",
            "1                  0.08902          NaN  \n",
            "2                  0.08758          NaN  \n",
            "3                  0.17300          NaN  \n",
            "4                  0.07678          NaN  \n",
            "\n",
            "[5 rows x 33 columns]\n",
            "Matriz de Covariância:\n",
            "[[ 2.38276868e-04  9.41598105e-05  1.63944023e-03  2.34936749e-02\n",
            "   1.62212349e-07  1.80732137e-06  3.64790210e-06  2.15801521e-06\n",
            "   2.73853678e-07 -1.48767271e-07  1.27331941e-05 -3.62988623e-06\n",
            "   9.21637932e-05  2.26340808e-03 -4.51908990e-08  2.49435682e-07\n",
            "   3.96372695e-07  1.56938015e-07 -5.83077301e-08 -7.62906959e-09\n",
            "   3.16842726e-04  1.23429325e-04  2.19280922e-03  3.62286628e-02\n",
            "   1.84663845e-07  4.39851307e-06  7.43262916e-06  3.30763073e-06\n",
            "   6.85839605e-07  8.62888727e-09]\n",
            " [ 9.41598105e-05  3.54931184e-04  6.60781926e-04  9.32456899e-03\n",
            "  -2.71447962e-08  1.03160226e-06  1.98950366e-06  9.39700764e-07\n",
            "   1.61529610e-07 -4.45351375e-08  6.31310926e-06  1.75882628e-05\n",
            "   4.69965969e-05  9.75463408e-04  1.63872578e-09  2.83704573e-07\n",
            "   3.56946187e-07  8.34306263e-08  6.22618552e-09  1.18913304e-08\n",
            "   1.40623723e-04  4.62591805e-04  9.92828586e-04  1.61413774e-02\n",
            "   1.46030560e-07  3.60727341e-06  5.18249443e-06  1.60190572e-06\n",
            "   5.36111914e-07  1.77670399e-07]\n",
            " [ 1.63944023e-03  6.60781926e-04  1.13285460e-02  1.61853800e-01\n",
            "   1.35910334e-06  1.37129349e-05  2.66162982e-05  1.53945686e-05\n",
            "   2.33926079e-06 -8.60689432e-07  8.94364426e-05 -2.23137935e-05\n",
            "   6.53361865e-04  1.58000271e-02 -2.83734844e-07  2.09347386e-06\n",
            "   3.20984616e-06  1.17143220e-06 -3.14591691e-07 -6.81386292e-09\n",
            "   2.18454925e-03  8.68349374e-04  1.52020854e-02  2.49927514e-01\n",
            "   1.60257099e-06  3.34322288e-05  5.48450059e-05  2.36349780e-05\n",
            "   5.45474585e-06  4.29598021e-07]\n",
            " [ 2.34936749e-02  9.32456899e-03  1.61853800e-01  2.37613689e+00\n",
            "   1.68108803e-05  1.77762533e-04  3.69244679e-04  2.15694968e-04\n",
            "   2.80046843e-05 -1.34963612e-05  1.37166825e-03 -2.46877215e-04\n",
            "   9.91966462e-03  2.45751919e-01 -3.38108162e-06  2.57047747e-05\n",
            "   4.23247270e-05  1.55116032e-05 -4.04638538e-06 -3.55307776e-07\n",
            "   3.14184690e-02  1.19307071e-02  2.17610398e-01  3.68752197e+00\n",
            "   1.90429616e-05  4.14749131e-04  7.22076521e-04  3.20450573e-04\n",
            "   5.99736571e-05  4.55801225e-07]\n",
            " [ 1.62212349e-07 -2.71447962e-08  1.35910334e-06  1.68108803e-05\n",
            "   3.79510398e-09  9.39325949e-09  1.12288197e-08  5.79755889e-09\n",
            "   4.12616518e-09  1.11413882e-09  2.25590390e-08  1.01828715e-08\n",
            "   1.61542705e-07  3.02653493e-06  2.69293211e-10  1.54125954e-09\n",
            "   2.02330492e-09  6.33827744e-10  4.47851537e-10  2.02501776e-10\n",
            "   2.77954599e-07  5.98259252e-08  2.16577343e-06  3.17595676e-05\n",
            "   4.96173694e-09  2.00591777e-08  2.44844753e-08  8.92285865e-09\n",
            "   6.58279641e-09  2.43351983e-09]\n",
            " [ 1.80732137e-06  1.03160226e-06  1.37129349e-05  1.77762533e-04\n",
            "   9.39325949e-09  5.35150264e-08  7.13383721e-08  3.26792483e-08\n",
            "   1.67406560e-08  4.04478692e-09  1.39790163e-07  2.58277538e-08\n",
            "   1.12456407e-06  2.10037348e-05  4.11640365e-10  1.34050748e-08\n",
            "   1.74506587e-08  4.01563527e-09  1.92635112e-09  1.36025010e-09\n",
            "   2.62171293e-06  1.54536792e-06  2.00962910e-05  2.94004663e-04\n",
            "   1.30843829e-08  1.38034761e-07  1.72559303e-07  5.43224010e-08\n",
            "   3.19859780e-08  1.25800822e-08]\n",
            " [ 3.64790210e-06  1.98950366e-06  2.66162982e-05  3.69244679e-04\n",
            "   1.12288197e-08  7.13383721e-08  1.21935607e-07  5.46854567e-08\n",
            "   2.09937392e-08  3.63698860e-09  2.68039947e-07  6.43111369e-08\n",
            "   2.04227967e-06  4.29610923e-05  4.52654778e-10  1.83599389e-08\n",
            "   3.19167435e-08  6.44845209e-09  2.25072112e-09  1.81845655e-09\n",
            "   5.08792199e-06  2.81916796e-06  3.74973326e-05  5.88691072e-04\n",
            "   1.56743881e-08  1.81686352e-07  2.82118676e-07  8.65983186e-08\n",
            "   3.87473937e-08  1.42252734e-08]\n",
            " [ 2.15801521e-06  9.39700764e-07  1.53945686e-05  2.15694968e-04\n",
            "   5.79755889e-09  3.26792483e-08  5.46854567e-08  2.88885128e-08\n",
            "   9.43947340e-09  8.77384994e-10  1.44117877e-07  8.82164949e-09\n",
            "   1.06971284e-06  2.33789019e-05  6.18150643e-11  6.53860328e-09\n",
            "   9.86956063e-09  2.82806601e-09  5.86814476e-10  5.07436333e-10\n",
            "   2.98775086e-06  1.33958977e-06  2.14125562e-05  3.43188451e-04\n",
            "   7.69617845e-09  7.81829766e-08  1.16862444e-07  4.45406168e-08\n",
            "   1.73067762e-08  4.95720858e-09]\n",
            " [ 2.73853678e-07  1.61529610e-07  2.33926079e-06  2.80046843e-05\n",
            "   4.12616518e-09  1.67406560e-08  2.09937392e-08  9.43947340e-09\n",
            "   1.44195524e-08  1.78226380e-09  4.42517671e-08  3.71558140e-08\n",
            "   3.33815213e-07  5.35908601e-06  2.95833517e-10  3.97180461e-09\n",
            "   5.44005090e-09  1.27644395e-09  1.95284704e-09  4.61779502e-10\n",
            "   4.72161122e-07  2.93060158e-07  3.87369393e-06  5.30648645e-05\n",
            "   5.12417865e-09  3.91605802e-08  4.75937829e-08  1.48772254e-08\n",
            "   2.27733647e-08  4.16492374e-09]\n",
            " [-1.48767271e-07 -4.45351375e-08 -8.60689432e-07 -1.34963612e-05\n",
            "   1.11413882e-09  4.04478692e-09  3.63698860e-09  8.77384994e-10\n",
            "   1.78226380e-09  9.56427567e-10  4.16964017e-12  1.22685070e-08\n",
            "   1.09089899e-08 -5.55666053e-07  1.63492674e-10  1.35811911e-09\n",
            "   1.82633191e-09  2.85191671e-10  3.86338861e-10  2.46659611e-10\n",
            "  -1.66099941e-07 -4.26866807e-08 -9.33837455e-07 -1.78823736e-05\n",
            "   1.56177603e-09  9.77858885e-09  9.78496953e-09  1.56116616e-09\n",
            "   2.79935622e-09  1.87731290e-09]\n",
            " [ 1.27331941e-05  6.31310926e-06  8.94364426e-05  1.37166825e-03\n",
            "   2.25590390e-08  1.39790163e-07  2.68039947e-07  1.44117877e-07\n",
            "   4.42517671e-08  4.16964017e-12  1.47549476e-06  6.25912802e-07\n",
            "   1.04649826e-05  2.30384277e-04  2.62819094e-09  3.39272035e-08\n",
            "   5.33801548e-08  1.68532496e-08  1.05808239e-08  3.20652382e-09\n",
            "   1.83887413e-05  6.37036557e-06  1.28671311e-04  2.27671945e-03\n",
            "   1.72408693e-08  2.40345113e-07  4.22458413e-07  1.85734447e-07\n",
            "   3.11213766e-08  4.76258134e-09]\n",
            " [-3.62988623e-06  1.75882628e-05 -2.23137935e-05 -2.46877215e-04\n",
            "   1.01828715e-08  2.58277538e-08  6.43111369e-08  8.82164949e-09\n",
            "   3.71558140e-08  1.22685070e-08  6.25912802e-07  5.83878877e-06\n",
            "   4.77581559e-06  5.37183495e-05  1.26241490e-08  4.39174698e-08\n",
            "   6.23014327e-08  1.50393226e-08  3.60140956e-08  7.83411027e-09\n",
            "  -5.71366033e-06  2.66070920e-05 -3.63631542e-05 -5.01351400e-04\n",
            "  -1.78004279e-08 -1.53938327e-07 -1.52264517e-07 -8.32351796e-08\n",
            "  -8.39577444e-08 -8.72756057e-09]\n",
            " [ 9.21637932e-05  4.69965969e-05  6.53361865e-04  9.91966462e-03\n",
            "   1.61542705e-07  1.12456407e-06  2.04227967e-06  1.06971284e-06\n",
            "   3.33815213e-07  1.09089899e-08  1.04649826e-05  4.77581559e-06\n",
            "   7.84328274e-05  1.65469044e-03  1.75965338e-08  2.89220545e-07\n",
            "   4.24463490e-07  1.33147868e-07  8.54553109e-08  2.50607072e-08\n",
            "   1.30720654e-04  4.77741831e-05  9.39883921e-04  1.61391046e-02\n",
            "   1.15192740e-07  2.08689796e-06  3.39017366e-06  1.41494519e-06\n",
            "   2.63832470e-07  5.98576501e-08]\n",
            " [ 2.26340808e-03  9.75463408e-04  1.58000271e-02  2.45751919e-01\n",
            "   3.02653493e-06  2.10037348e-05  4.29610923e-05  2.33789019e-05\n",
            "   5.35908601e-06 -5.55666053e-07  2.30384277e-04  5.37183495e-05\n",
            "   1.65469044e-03  3.97053586e-02  1.96942813e-07  4.45221454e-06\n",
            "   7.13724446e-06  2.23892599e-06  9.67601126e-07  2.93475053e-07\n",
            "   3.19500849e-03  1.05411864e-03  2.23255266e-02  4.03225055e-01\n",
            "   2.49882959e-06  3.88985115e-05  7.01232619e-05  3.08758695e-05\n",
            "   4.00274754e-06  2.76492874e-07]\n",
            " [-4.51908990e-08  1.63872578e-09 -2.83734844e-07 -3.38108162e-06\n",
            "   2.69293211e-10  4.11640365e-10  4.52654778e-10  6.18150643e-11\n",
            "   2.95833517e-10  1.63492674e-10  2.62819094e-09  1.26241490e-08\n",
            "   1.75965338e-08  1.96942813e-07  1.72969398e-10  3.47354682e-10\n",
            "   4.67232593e-10  1.16743055e-10  1.96915784e-10  6.51468553e-11\n",
            "  -6.42321220e-08 -2.64645639e-08 -4.20652067e-07 -5.97593567e-06\n",
            "   4.13616334e-10 -5.03571106e-10 -7.00656331e-10 -3.86270792e-10\n",
            "  -3.82574552e-10  1.05587787e-10]\n",
            " [ 2.49435682e-07  2.83704573e-07  2.09347386e-06  2.57047747e-05\n",
            "   1.54125954e-09  1.34050748e-08  1.83599389e-08  6.53860328e-09\n",
            "   3.97180461e-09  1.35811911e-09  3.39272035e-08  4.39174698e-08\n",
            "   2.89220545e-07  4.45221454e-06  3.47354682e-10  6.15319841e-09\n",
            "   8.31062918e-09  1.57752376e-09  1.12110336e-09  7.30317791e-10\n",
            "   3.39788618e-07  3.01998042e-07  3.00784709e-06  3.90028953e-05\n",
            "   1.78394332e-09  3.66951108e-08  4.58157590e-08  1.09134734e-08\n",
            "   5.90699579e-09  3.66745818e-09]\n",
            " [ 3.96372695e-07  3.56946187e-07  3.20984616e-06  4.23247270e-05\n",
            "   2.02330492e-09  1.74506587e-08  3.19167435e-08  9.86956063e-09\n",
            "   5.44005090e-09  1.82633191e-09  5.33801548e-08  6.23014327e-08\n",
            "   4.24463490e-07  7.13724446e-06  4.67232593e-10  8.31062918e-09\n",
            "   1.74827972e-08  2.75814278e-09  1.48142554e-09  1.11471196e-09\n",
            "   5.23191234e-07  3.56829347e-07  4.41154426e-06  6.21099077e-05\n",
            "   2.22796502e-09  4.41823007e-08  8.00566218e-08  1.67688064e-08\n",
            "   7.08706429e-09  4.59560659e-09]\n",
            " [ 1.56938015e-07  8.34306263e-08  1.17143220e-06  1.55116032e-05\n",
            "   6.33827744e-10  4.01563527e-09  6.44845209e-09  2.82806601e-09\n",
            "   1.27644395e-09  2.85191671e-10  1.68532496e-08  1.50393226e-08\n",
            "   1.33147868e-07  2.23892599e-06  1.16743055e-10  1.57752376e-09\n",
            "   2.75814278e-09  7.30480324e-10  3.06095886e-10  1.91415612e-10\n",
            "   2.04917219e-07  6.31160079e-08  1.57134553e-06  2.30705663e-05\n",
            "   5.82105214e-10  8.43575418e-09  1.35740310e-08  4.68816741e-09\n",
            "   1.04822089e-09  6.64246429e-10]\n",
            " [-5.83077301e-08  6.22618552e-09 -3.14591691e-07 -4.04638538e-06\n",
            "   4.47851537e-10  1.92635112e-09  2.25072112e-09  5.86814476e-10\n",
            "   1.95284704e-09  3.86338861e-10  1.05808239e-08  3.60140956e-08\n",
            "   8.54553109e-08  9.67601126e-07  1.96915784e-10  1.12110336e-09\n",
            "   1.48142554e-09  3.06095886e-10  1.31107607e-09  1.54893329e-10\n",
            "  -9.82134598e-08 -7.55225176e-08 -5.52950115e-07 -9.96417633e-06\n",
            "  -4.58522370e-11  1.50360807e-09  1.22821574e-09 -3.17071344e-10\n",
            "   3.82097352e-09  2.23665028e-10]\n",
            " [-7.62906959e-09  1.18913304e-08 -6.81386292e-09 -3.55307776e-07\n",
            "   2.02501776e-10  1.36025010e-09  1.81845655e-09  5.07436333e-10\n",
            "   4.61779502e-10  2.46659611e-10  3.20652382e-09  7.83411027e-09\n",
            "   2.50607072e-08  2.93475053e-07  6.51468553e-11  7.30317791e-10\n",
            "   1.11471196e-09  1.91415612e-10  1.54893329e-10  1.34338664e-10\n",
            "  -9.19868791e-09 -9.96976873e-10 -1.70664945e-09 -6.57205321e-07\n",
            "   1.97719736e-10  3.11652378e-09  4.02456574e-09  7.18172886e-10\n",
            "   3.48941246e-10  5.42220896e-10]\n",
            " [ 3.16842726e-04  1.40623723e-04  2.18454925e-03  3.14184690e-02\n",
            "   2.77954599e-07  2.62171293e-06  5.08792199e-06  2.98775086e-06\n",
            "   4.72161122e-07 -1.66099941e-07  1.83887413e-05 -5.71366033e-06\n",
            "   1.30720654e-04  3.19500849e-03 -6.42321220e-08  3.39788618e-07\n",
            "   5.23191234e-07  2.04917219e-07 -9.82134598e-08 -9.19868791e-09\n",
            "   4.48203306e-04  2.05141819e-04  3.09647400e-03  5.19544484e-02\n",
            "   4.58559673e-07  6.94238563e-06  1.11043760e-05  4.79981191e-06\n",
            "   1.39717222e-06  1.56588234e-07]\n",
            " [ 1.23429325e-04  4.62591805e-04  8.68349374e-04  1.19307071e-02\n",
            "   5.98259252e-08  1.54536792e-06  2.81916796e-06  1.33958977e-06\n",
            "   2.93060158e-07 -4.26866807e-08  6.37036557e-06  2.66070920e-05\n",
            "   4.77741831e-05  1.05411864e-03 -2.64645639e-08  3.01998042e-07\n",
            "   3.56829347e-07  6.31160079e-08 -7.55225176e-08 -9.96976873e-10\n",
            "   2.05141819e-04  7.24802311e-04  1.44674067e-03  2.32204995e-02\n",
            "   6.06975997e-07  6.69489418e-06  9.06259844e-06  2.78865172e-06\n",
            "   1.70011482e-06  4.66706508e-07]\n",
            " [ 2.19280922e-03  9.92828586e-04  1.52020854e-02  2.17610398e-01\n",
            "   2.16577343e-06  2.00962910e-05  3.74973326e-05  2.14125562e-05\n",
            "   3.87369393e-06 -9.33837455e-07  1.28671311e-04 -3.63631542e-05\n",
            "   9.39883921e-04  2.23255266e-02 -4.20652067e-07  3.00784709e-06\n",
            "   4.41154426e-06  1.57134553e-06 -5.52950115e-07 -1.70664945e-09\n",
            "   3.09647400e-03  1.44674067e-03  2.16641833e-02  3.58844509e-01\n",
            "   3.48543853e-06  5.37019289e-05  8.31697210e-05  3.45948014e-05\n",
            "   1.07492866e-05  1.61807409e-06]\n",
            " [ 3.62286628e-02  1.61413774e-02  2.49927514e-01  3.68752197e+00\n",
            "   3.17595676e-05  2.94004663e-04  5.88691072e-04  3.43188451e-04\n",
            "   5.30648645e-05 -1.78823736e-05  2.27671945e-03 -5.01351400e-04\n",
            "   1.61391046e-02  4.03225055e-01 -5.97593567e-06  3.90028953e-05\n",
            "   6.21099077e-05  2.30705663e-05 -9.96417633e-06 -6.57205321e-07\n",
            "   5.19544484e-02  2.32204995e-02  3.58844509e-01  6.21967035e+00\n",
            "   5.21654564e-05  7.53320787e-04  1.23825949e-03  5.36692873e-04\n",
            "   1.41349276e-04  1.57144989e-05]\n",
            " [ 1.84663845e-07  1.46030560e-07  1.60257099e-06  1.90429616e-05\n",
            "   4.96173694e-09  1.30843829e-08  1.56743881e-08  7.69617845e-09\n",
            "   5.12417865e-09  1.56177603e-09  1.72408693e-08 -1.78004279e-08\n",
            "   1.15192740e-07  2.49882959e-06  4.13616334e-10  1.78394332e-09\n",
            "   2.22796502e-09  5.82105214e-10 -4.58522370e-11  1.97719736e-10\n",
            "   4.58559673e-07  6.06975997e-07  3.48543853e-06  5.21654564e-05\n",
            "   1.00023557e-08  3.91625129e-08  4.73896276e-08  1.57712023e-08\n",
            "   1.33843507e-08  4.88677893e-09]\n",
            " [ 4.39851307e-06  3.60727341e-06  3.34322288e-05  4.14749131e-04\n",
            "   2.00591777e-08  1.38034761e-07  1.81686352e-07  7.81829766e-08\n",
            "   3.91605802e-08  9.77858885e-09  2.40345113e-07 -1.53938327e-07\n",
            "   2.08689796e-06  3.88985115e-05 -5.03571106e-10  3.66951108e-08\n",
            "   4.41823007e-08  8.43575418e-09  1.50360807e-09  3.11652378e-09\n",
            "   6.94238563e-06  6.69489418e-06  5.37019289e-05  7.53320787e-04\n",
            "   3.91625129e-08  4.74959915e-07  5.61932587e-07  1.58958110e-07\n",
            "   1.14754488e-07  4.41880212e-08]\n",
            " [ 7.43262916e-06  5.18249443e-06  5.48450059e-05  7.22076521e-04\n",
            "   2.44844753e-08  1.72559303e-07  2.82118676e-07  1.16862444e-07\n",
            "   4.75937829e-08  9.78496953e-09  4.22458413e-07 -1.52264517e-07\n",
            "   3.39017366e-06  7.01232619e-05 -7.00656331e-10  4.58157590e-08\n",
            "   8.00566218e-08  1.35740310e-08  1.22821574e-09  4.02456574e-09\n",
            "   1.11043760e-05  9.06259844e-06  8.31697210e-05  1.23825949e-03\n",
            "   4.73896276e-08  5.61932587e-07  8.35079368e-07  2.25075612e-07\n",
            "   1.31874536e-07  4.96316340e-08]\n",
            " [ 3.30763073e-06  1.60190572e-06  2.36349780e-05  3.20450573e-04\n",
            "   8.92285865e-09  5.43224010e-08  8.65983186e-08  4.45406168e-08\n",
            "   1.48772254e-08  1.56116616e-09  1.85734447e-07 -8.32351796e-08\n",
            "   1.41494519e-06  3.08758695e-05 -3.86270792e-10  1.09134734e-08\n",
            "   1.67688064e-08  4.68816741e-09 -3.17071344e-10  7.18172886e-10\n",
            "   4.79981191e-06  2.78865172e-06  3.45948014e-05  5.36692873e-04\n",
            "   1.57712023e-08  1.58958110e-07  2.25075612e-07  8.29003285e-08\n",
            "   3.92103015e-08  1.16424203e-08]\n",
            " [ 6.85839605e-07  5.36111914e-07  5.45474585e-06  5.99736571e-05\n",
            "   6.58279641e-09  3.19859780e-08  3.87473937e-08  1.73067762e-08\n",
            "   2.27733647e-08  2.79935622e-09  3.11213766e-08 -8.39577444e-08\n",
            "   2.63832470e-07  4.00274754e-06 -3.82574552e-10  5.90699579e-09\n",
            "   7.08706429e-09  1.04822089e-09  3.82097352e-09  3.48941246e-10\n",
            "   1.39717222e-06  1.70011482e-06  1.07492866e-05  1.41349276e-04\n",
            "   1.33843507e-08  1.14754488e-07  1.31874536e-07  3.92103015e-08\n",
            "   7.34383191e-08  1.15310362e-08]\n",
            " [ 8.62888727e-09  1.77670399e-07  4.29598021e-07  4.55801225e-07\n",
            "   2.43351983e-09  1.25800822e-08  1.42252734e-08  4.95720858e-09\n",
            "   4.16492374e-09  1.87731290e-09  4.76258134e-09 -8.72756057e-09\n",
            "   5.98576501e-08  2.76492874e-07  1.05587787e-10  3.66745818e-09\n",
            "   4.59560659e-09  6.64246429e-10  2.23665028e-10  5.42220896e-10\n",
            "   1.56588234e-07  4.66706508e-07  1.61807409e-06  1.57144989e-05\n",
            "   4.88677893e-09  4.41880212e-08  4.96316340e-08  1.16424203e-08\n",
            "   1.15310362e-08  6.25884926e-09]]\n",
            "\n",
            "Autovalores:\n",
            "[8.51467988e+00 1.40255975e-01 1.35041773e-02 1.04852354e-03\n",
            " 7.65353865e-04 5.76478257e-05 3.48300185e-05 7.12718422e-06\n",
            " 2.98377642e-06 1.61284910e-06 6.06468382e-07 1.43848955e-07\n",
            " 6.06614429e-08 4.14719144e-08 2.54517708e-08 1.22845918e-08\n",
            " 7.19273677e-09 4.51210584e-09 3.54152938e-09 3.15005743e-09\n",
            " 1.49866928e-09 1.10536247e-09 6.69943879e-10 5.44808702e-10\n",
            " 3.09793918e-10 2.39645291e-10 1.34689415e-11 7.06159350e-11\n",
            " 5.46416033e-11 3.84675170e-11]\n",
            "\n",
            "Autovetores:\n",
            "[[ 5.08623202e-03  9.28705650e-03 -1.23425821e-02 -3.42380473e-02\n",
            "  -3.54561138e-02 -1.31213101e-01  3.35131912e-02  7.54924585e-02\n",
            "  -3.50549264e-01 -1.39559852e-01 -4.19346972e-01  7.35141931e-01\n",
            "  -2.18087182e-01 -8.10260113e-02  1.37865559e-01  1.41957144e-01\n",
            "   4.42129324e-02  8.97292328e-02  2.10057742e-02 -8.01074429e-02\n",
            "   5.94747777e-02 -8.72363409e-03  4.57847381e-03 -2.82894830e-02\n",
            "  -3.59617411e-03  1.60336173e-03 -6.48447162e-04 -2.79341068e-03\n",
            "  -3.25869730e-03  5.12865810e-04]\n",
            " [ 2.19657026e-03 -2.88160658e-03 -6.35497857e-03 -3.62415111e-01\n",
            "   4.43187450e-01 -2.13486089e-01 -7.84253475e-01  6.87405638e-02\n",
            "   4.08376429e-03 -7.66679112e-02  2.90168453e-02 -1.77040388e-03\n",
            "  -4.23058843e-03 -1.98471260e-03 -7.07543943e-03  3.71772553e-03\n",
            "  -1.74411881e-03 -1.41458884e-04  1.24960485e-03  2.12853659e-04\n",
            "  -5.08486619e-04  3.25522688e-04 -5.70803677e-04 -7.33059897e-05\n",
            "  -4.32289948e-04  6.85637302e-04 -4.67664637e-06 -2.03286434e-04\n",
            "  -1.08812487e-04  1.28702530e-04]\n",
            " [ 3.50763298e-02  6.27480827e-02 -7.16694814e-02 -3.29281417e-01\n",
            "  -3.13382893e-01 -8.40324225e-01  1.89074737e-01 -8.39642267e-02\n",
            "   1.32828034e-01  8.92113884e-02  2.68885270e-03 -8.17809788e-02\n",
            "   2.51180394e-02  5.22865768e-03 -1.34434455e-02 -2.06841238e-02\n",
            "  -1.08282412e-02 -1.37775702e-02 -6.16356938e-04  1.09397982e-02\n",
            "  -1.00150532e-02  3.17936985e-03 -1.25149830e-03  3.58436087e-03\n",
            "   3.07763932e-04 -1.33993328e-04  1.53201140e-04 -1.48499782e-04\n",
            "   5.92481499e-04 -2.82547547e-04]\n",
            " [ 5.16826469e-01  8.51823720e-01 -2.78944181e-02  3.94122494e-02\n",
            "   4.60378117e-02  5.23468101e-02 -7.33787337e-03  3.00992471e-03\n",
            "  -3.82916116e-03 -1.95571374e-03  3.44514452e-03 -1.46297165e-03\n",
            "   2.00988446e-04  3.38365236e-04 -1.89595169e-04 -7.16236305e-05\n",
            "   1.33246661e-04  1.13279338e-06 -1.20299753e-04  1.22408810e-04\n",
            "   6.72130539e-05 -8.61054786e-05  8.95193307e-06  2.64959224e-05\n",
            "   1.83005653e-05  6.11786890e-06 -1.78631233e-06  2.79755999e-05\n",
            "  -2.69334809e-06  1.30371539e-05]\n",
            " [ 4.23694535e-06 -1.48194356e-05  7.26596827e-05 -3.44153009e-04\n",
            "  -5.79019359e-04 -4.06502430e-04  1.60796958e-03 -3.43658580e-03\n",
            "   8.22698130e-03  4.44685266e-03  2.91369356e-02 -4.63391435e-02\n",
            "  -5.25266400e-03 -3.61161370e-02  5.37159784e-02  2.44151203e-01\n",
            "  -1.30030608e-01  3.06212225e-01  1.97107021e-01  6.49458801e-02\n",
            "   5.05875321e-02 -1.23800316e-01 -5.76678236e-02  6.84974204e-01\n",
            "   4.70763997e-01  2.33739581e-01 -2.95544130e-03  4.23689945e-02\n",
            "  -4.43105873e-02 -9.43925292e-02]\n",
            " [ 4.05260047e-05 -2.68862249e-06  1.01754350e-04 -3.00489873e-03\n",
            "  -2.52639926e-03 -1.01527758e-03  2.77107786e-04 -1.55731486e-02\n",
            "   5.63148308e-02  2.99475404e-02  1.16711657e-01 -9.44692077e-02\n",
            "  -8.77581594e-02  2.54306035e-02  9.61467980e-02  1.73132652e-01\n",
            "   1.80413129e-01  2.87099573e-01  5.53153375e-02  4.29470256e-02\n",
            "   7.86476447e-01 -3.07516380e-01 -6.81084244e-02 -2.47366571e-01\n",
            "  -1.12910548e-01 -5.64508617e-04 -1.31734821e-02  4.47732652e-02\n",
            "  -1.08470081e-01 -6.81916698e-03]\n",
            " [ 8.19399539e-05  7.51419574e-05  2.65989729e-04 -3.40779110e-03\n",
            "  -2.19520726e-03  2.75600070e-04  1.02365525e-03 -1.92512587e-02\n",
            "   7.02297025e-02  2.79441150e-02  1.85699905e-01  3.35666920e-02\n",
            "   2.24378306e-01 -1.28761314e-01  1.06775624e-01  1.63916071e-01\n",
            "   4.32652559e-01  1.99451087e-01  4.20063482e-02 -6.67235914e-01\n",
            "  -2.07298286e-01  6.74748546e-02 -9.75431969e-02 -2.21208940e-01\n",
            "   2.46083834e-01  1.07297993e-01  4.01346519e-03  2.87280747e-02\n",
            "  -7.89825836e-03  1.44289058e-02]\n",
            " [ 4.77807775e-05  4.63501038e-05  3.60471764e-05 -1.24725032e-03\n",
            "  -1.13196737e-03 -5.76346878e-04  9.05454729e-04 -9.07295722e-03\n",
            "   1.92498100e-02  1.04362500e-02  5.77209423e-02 -4.75382102e-02\n",
            "   4.04419791e-02 -5.48374336e-02  7.50229010e-02  3.11870436e-01\n",
            "   3.88939443e-02 -1.38388516e-02 -4.44765528e-02 -3.28925155e-01\n",
            "   1.95295923e-02 -9.94859921e-03  3.70822357e-01  4.61447929e-01\n",
            "  -6.06124800e-01 -2.34238246e-01 -4.22724702e-03 -2.51468694e-02\n",
            "   1.74453235e-02  1.73481243e-02]\n",
            " [ 7.07804332e-06 -2.52430431e-05  1.41290958e-04 -9.66809714e-04\n",
            "  -9.37014169e-04 -1.79444495e-04  5.98298140e-04 -9.14981253e-03\n",
            "   1.49895864e-02  8.27800166e-03  5.17276491e-02 -5.52351985e-02\n",
            "  -1.15113362e-01 -3.26359052e-01  5.24186368e-02  9.20311012e-02\n",
            "   2.16862037e-02  4.38304941e-01 -7.63628284e-01  2.22382756e-01\n",
            "  -1.59737119e-01  2.28284660e-02  2.75978831e-02 -2.89096396e-02\n",
            "   3.79117865e-02 -9.10728702e-02  2.19542355e-03 -1.73524458e-02\n",
            "  -1.30715896e-03  8.82902913e-03]\n",
            " [-2.62155251e-06 -1.61197148e-05  5.06376971e-05 -1.99194796e-04\n",
            "  -2.07028041e-04  2.19983885e-04 -4.25619565e-05 -3.00903313e-03\n",
            "   7.63859418e-03  4.54280517e-03  1.92137160e-02 -1.52406056e-02\n",
            "  -9.03812811e-03  2.39053134e-03  1.31995161e-02  3.65397500e-02\n",
            "   3.76425779e-02  8.09957805e-02  4.40913636e-02  2.33171053e-02\n",
            "   1.76680619e-01  2.04533392e-01 -1.20861421e-02  1.34513145e-02\n",
            "   6.37956993e-02 -2.70861187e-02  6.13701892e-02 -3.36239624e-01\n",
            "   8.88814613e-01  4.74686275e-02]\n",
            " [ 3.13742507e-04 -5.38692831e-05  6.06156709e-03 -4.08618843e-03\n",
            "  -2.93386180e-03 -8.45585552e-04 -1.53826412e-02 -8.41264091e-02\n",
            "  -9.15127909e-02  3.22073955e-02  1.05998470e-01 -6.42159672e-02\n",
            "   9.66326953e-02 -1.46435306e-01  9.24496275e-01 -1.75147665e-01\n",
            "  -1.64246809e-01 -1.46255624e-01  2.28731804e-02  4.39284077e-02\n",
            "   1.13499143e-02  1.42505916e-02 -1.66061175e-02 -8.00696324e-03\n",
            "   5.48812336e-03  1.02803829e-02  6.51778391e-03 -3.54107942e-03\n",
            "   2.08214818e-03  3.63257185e-03]\n",
            " [-6.50984008e-05  3.48370414e-04  6.23377635e-03 -2.26398666e-02\n",
            "   3.75434531e-02 -1.24013980e-02  6.66867308e-02 -5.87281487e-01\n",
            "   1.62432584e-02 -7.91295671e-01  1.40864382e-01 -4.12379900e-03\n",
            "  -2.27283852e-02  9.85458034e-03 -3.78188038e-02  4.74183050e-03\n",
            "  -9.58819754e-03 -6.12757296e-03  2.36191575e-03  3.20684477e-03\n",
            "  -2.52359539e-04  1.32642700e-03 -4.48926295e-03 -1.98785626e-03\n",
            "  -3.36786194e-03  4.05065873e-03  8.77127241e-05 -3.89325162e-04\n",
            "  -4.16851133e-04  4.72658847e-04]\n",
            " [ 2.23634150e-03  8.19640791e-04  4.38560369e-02 -4.98565303e-02\n",
            "  -3.57275320e-02  9.48056397e-02 -1.48548561e-01 -7.77894165e-01\n",
            "  -1.90207008e-01  5.48501632e-01 -8.77215348e-02  6.76048261e-02\n",
            "  -2.63044655e-02  1.39810594e-02 -8.57009464e-02  1.64085616e-02\n",
            "   2.53430874e-03  1.47257226e-02  1.30277683e-03 -9.11272542e-03\n",
            "  -4.16204243e-03  2.11743590e-04 -1.25850374e-03 -4.17372804e-04\n",
            "  -9.65358515e-04  1.22510674e-03 -7.98704359e-04 -1.36868856e-03\n",
            "  -1.30535120e-03 -1.19657801e-03]\n",
            " [ 5.57271669e-02  7.51112451e-03  9.90245878e-01 -1.01980275e-01\n",
            "  -5.08045702e-02 -2.31166662e-02  2.25977534e-02  4.22340772e-02\n",
            "   4.47806986e-03 -2.03427164e-02  1.44869247e-03 -1.15869620e-03\n",
            "   2.31375241e-04  2.25744302e-04 -1.78223809e-03  3.94123160e-04\n",
            "   6.73342112e-04  1.80666960e-04 -1.42354992e-04  7.44106237e-05\n",
            "   1.50857164e-04 -4.80315787e-05  1.36165607e-04  3.67867124e-05\n",
            "  -4.85535218e-05 -9.14651057e-05 -7.20344351e-06  5.15075948e-05\n",
            "   4.73766465e-05  2.03423347e-05]\n",
            " [-8.05646029e-07  1.49438131e-06  4.34471433e-05  6.69114619e-06\n",
            "   5.18037664e-05 -1.49989514e-05 -2.37177063e-04 -1.60686058e-03\n",
            "   1.02379224e-03 -4.45191329e-04  3.85723906e-03 -4.32409361e-03\n",
            "   2.53645692e-03 -2.03874389e-04  1.57517228e-02  2.72335855e-02\n",
            "   5.32163112e-03  3.78861546e-02  5.34210340e-02  3.77952551e-02\n",
            "  -6.61066896e-02 -1.43604236e-02  1.18579493e-01 -1.16955811e-01\n",
            "  -1.91129278e-02 -1.06982587e-01 -2.31482576e-03  3.23321169e-01\n",
            "   1.79728739e-01 -9.01248743e-01]\n",
            " [ 5.51918197e-06  1.27357957e-05  1.27658711e-04 -8.93263012e-04\n",
            "  -5.24579915e-04 -3.59930492e-04 -1.27405510e-03 -8.68045428e-03\n",
            "   1.89362797e-02  6.64830167e-03  4.01767227e-02  3.13125859e-02\n",
            "  -3.81654059e-02  4.61430983e-02  4.90555493e-02 -7.14537635e-02\n",
            "   3.31399676e-01 -1.84806700e-02  5.56807262e-02  2.25649739e-01\n",
            "  -4.07953355e-02 -5.31878430e-02  8.02419200e-01 -9.20949353e-02\n",
            "   1.51776701e-01  3.42920796e-01  9.55572740e-02 -1.08304964e-01\n",
            "  -3.75730401e-02  4.34291557e-02]\n",
            " [ 8.87094462e-06  2.86921009e-05  2.07365800e-04 -9.95328878e-04\n",
            "  -5.76839903e-04 -3.83840527e-04 -1.41036865e-03 -1.17908464e-02\n",
            "   2.52133644e-02  9.88467884e-03  7.88928691e-02  1.25506514e-01\n",
            "   1.39282086e-01 -5.09256883e-02  5.88786230e-02 -9.66647543e-02\n",
            "   6.76877071e-01  2.13236057e-02  1.71590650e-01  4.43120250e-01\n",
            "  -1.51525068e-01  2.33095913e-03 -3.20221001e-01  2.32860819e-01\n",
            "  -2.04174155e-01 -1.51034303e-01  2.29448848e-02 -9.17739425e-02\n",
            "  -4.78504389e-02 -4.96009338e-02]\n",
            " [ 3.27915009e-06  9.36007477e-06  4.78855144e-05 -2.34560912e-04\n",
            "  -2.25598524e-04 -4.25616208e-04 -5.21614746e-04 -3.99536083e-03\n",
            "   2.90414428e-03  2.63444827e-03  8.56309877e-03  1.43712028e-02\n",
            "   1.20723947e-02 -3.76274691e-03  1.64236829e-02  6.30245504e-02\n",
            "   1.00527901e-01 -5.36608155e-02  1.70880697e-03  1.11669448e-01\n",
            "  -2.36680658e-02 -2.06071899e-02  3.65853434e-02  2.37982721e-02\n",
            "   5.12935751e-03  3.96060033e-03  2.54907674e-03  8.54802094e-01\n",
            "   3.07352340e-01  3.76480981e-01]\n",
            " [-1.24101836e-06  1.22647432e-05  1.14411270e-04 -1.24528446e-04\n",
            "  -6.11321955e-05 -4.11711911e-05 -7.13773114e-04 -5.54864404e-03\n",
            "   1.76381905e-03 -1.06193405e-03  9.72156094e-03 -6.51537135e-03\n",
            "  -3.81570258e-02 -8.42645063e-02 -1.19559471e-02 -4.42032739e-02\n",
            "   4.05424525e-02 -5.41504310e-02  1.23077156e-01 -1.24646702e-02\n",
            "   4.01205397e-02 -1.17416102e-01  2.26926628e-01 -6.40992514e-03\n",
            "   4.44877141e-01 -8.30872058e-01  1.00353743e-02 -3.62928822e-02\n",
            "  -5.57502875e-02  9.78356412e-02]\n",
            " [-8.54530832e-08  2.89683790e-07  2.43158370e-05 -6.72412843e-05\n",
            "  -4.64421630e-05 -1.00135535e-04 -1.94572501e-04 -1.44055227e-03\n",
            "   2.10548292e-03  6.29812958e-04  6.24114957e-03  2.13796926e-03\n",
            "   6.22637688e-04  5.15315786e-03  1.34453974e-02 -6.62754743e-03\n",
            "   5.35339202e-02  8.38679702e-03  1.45669104e-02  3.87988752e-02\n",
            "   2.34074017e-02  1.12889769e-01  7.70139814e-02  1.79257895e-04\n",
            "   2.90928879e-02  1.33614026e-02 -9.86791087e-01 -2.00238568e-02\n",
            "   2.40473411e-02  7.75315348e-03]\n",
            " [ 7.15473257e-03 -5.68673345e-04 -1.55659935e-02 -6.18999387e-02\n",
            "  -5.31447667e-02 -7.49807186e-02  4.53901657e-02  1.29429315e-01\n",
            "  -8.60507446e-01 -2.83270491e-02  4.21861885e-01 -1.68128352e-01\n",
            "   3.10629219e-02  6.31338895e-02 -1.22855427e-01 -1.47186018e-02\n",
            "   2.25143677e-02  5.92277426e-03 -1.31009681e-02  4.69179080e-03\n",
            "  -6.14078602e-03 -6.81318531e-03  1.97252553e-03  3.65597275e-03\n",
            "   1.57275838e-03 -1.13210755e-03 -4.51134631e-04  1.77504179e-03\n",
            "   8.98500542e-04 -5.15472696e-05]\n",
            " [ 3.06736622e-03 -1.32152605e-02 -3.15446196e-02 -5.42057412e-01\n",
            "   6.12574312e-01  1.21167279e-01  5.52024144e-01 -1.60158677e-02\n",
            "  -2.11047341e-03  9.44156308e-02 -3.27379836e-02  4.46460235e-04\n",
            "   4.46771810e-03  1.61770544e-04  7.46425242e-03 -2.33182486e-03\n",
